[brakes]
BRAKE_LOCK = [ 1.000000, 1.500000 ]
BRAKES = [ 425.000000, 475.000000 ]
EBRAKE = 700.000000

[chassis]
AERO_CG = 47.000000
AERO_COEFFICIENT = 0.197
DRAG_COEFFICIENT = 0.36
FRONT_WEIGHT_BIAS = 53.5
RENDER_MOTION = 0.500000
RIDE_HEIGHT = [ 8.850000, 8.850000 ]
ROLL_CENTER = 11.0
SHOCK_BLOWOUT = 6.000000
SHOCK_DIGRESSION = [ 0.350000, 0.350000 ]
SHOCK_EXT_STIFFNESS = [ 85.000000, 85.000000 ]
SHOCK_STIFFNESS = [ 70.000000, 70.000000 ]
SHOCK_VALVING = [ 24.000000, 24.000000 ]
SPRING_PROGRESSION = [ 7.000000, 6.000000 ]
SPRING_STIFFNESS = [ 600.000000, 575.000000 ]
SWAYBAR_STIFFNESS = [ 150.000000, 135.000000 ]
TRAVEL = [ 7.5, 7.5 ]

[tires]
DYNAMIC_GRIP = [ 1.8, 1.8 ]
GRIP_SCALE = [ 1.03, 1.03 ]
STATIC_GRIP = [ 2, 2 ]
STEERING = 1.000000
YAW_CONTROL = [ 0.100000, 0.500000, 0.800000, 1.000000 ]
YAW_SPEED = 0.400000

[transmission]
GEAR_RATIO = [ 2.500000, 0.000000, 3.380000, 1.760000, 1.180000, 0.900000, 0.710000, 0.590000 ]
DIFFERENTIAL = [ 0.700000, 0.700000, 0.000000 ]
GEAR_EFFICIENCY = [ 1.000000, 1.000000, 1.000000, 1.000000, 1.000000, 1.000000, 1.000000, 1.000000, 1.000000 ]
TORQUE_CONVERTER = 0.400000
TORQUE_SPLIT = 1.000000
CLUTCH_SLIP = 0.800000
OPTIMAL_SHIFT = 500.000000
SHIFT_SPEED = 0.250000
FINAL_GEAR = 3.600000

[engine]
TORQUE = [ 172.5, 230.000000, 260.000000, 280.000000, 300.000000, 305.000000, 300.000000, 292.000000, 264.000000 ]
ENGINE_BRAKING = [ 0.700000, 0.800000, 0.900000 ]
FLYWHEEL_MASS = 8.000000
MAX_RPM = 7000.000000
RED_LINE = 6500.000000
IDLE = 800.000000

[induction]
LOW_BOOST = 0.3
SPOOL_TIME_DOWN = 0.5
VACUUM = 0.000000
SPOOL = 0.000000
SPOOL_TIME_UP = 1.0
PSI = 12.000000
HIGH_BOOST = 0.3

[pvehicle]
TENSOR_SCALE = [ 1.15, 2.600000, 1.000000 ]