[pvehicle]
TENSOR_SCALE = [ 1.250000, 3.150000, 1.000000, 0.000000 ]

[brakes]
BRAKE_LOCK = [ 1.000000, 3.500000 ]
BRAKES = [ 550.000000, 675.000000 ]
EBRAKE = 850.000000

[chassis]
AERO_CG = 50.000000
AERO_COEFFICIENT = 0.250000
DIVE_SPEED = 1.000000
DRAG_COEFFICIENT = 0.380000
FRONT_WEIGHT_BIAS = 55.000000
RENDER_MOTION = 1.000000
RIDE_HEIGHT = [ 8.500000, 8.500000 ]
ROLL_CENTER = 10.400000
ROLL_SPEED = 1.000000
SHOCK_BLOWOUT = 8.000000
SHOCK_DIGRESSION = [ 0.130000, 0.130000 ]
SHOCK_EXT_STIFFNESS = [ 80.000000, 84.000000 ]
SHOCK_STIFFNESS = [ 60.000000, 66.000000 ]
SHOCK_VALVING = [ 18.000000, 18.000000 ]
SPRING_PROGRESSION = [ 5.000000, 6.000000 ]
SPRING_STIFFNESS = [ 490.000000, 575.000000 ]
SQUAT_SPEED = 1.000000
SWAYBAR_STIFFNESS = [ 90.000000, 60.000000 ]
TRAVEL = [ 8.00000, 8.00000 ]

[engine]
ENGINE_BRAKING = [ 0.750000, 0.820000, 0.900000 ]
FLYWHEEL_MASS = 12.000000
IDLE = 750.000000
MAX_RPM = 6750.000000
RED_LINE = 6250.000000
TORQUE = [ 286.000000, 377.000000, 610.000000, 891.000000, 890.000000, 789.000000, 700.000000, 620.000000, 560.000000 ]

[induction]
HIGH_BOOST = 0.200000
LOW_BOOST = 0.200000
PSI = 9.000000
SPOOL = 0.000000
SPOOL_TIME_DOWN = 0.000000
SPOOL_TIME_UP = 0.000000
VACUUM = 0.000000

[tires]
DYNAMIC_GRIP = [ 1.6500000, 1.575000 ]
GRIP_SCALE = [ 1.000000, 1.000000 ]
STATIC_GRIP = [ 1.850000, 1.750000 ]
STEERING = 1.050000
YAW_CONTROL = [ 0.100000, 0.200000, 0.300000, 0.400000 ]
YAW_SPEED = 0.425000

[transmission]
CLUTCH_SLIP = 0.700000
DIFFERENTIAL = [ 0.000000, 0.750000, 0.000000 ]
FINAL_GEAR = 3.80000
GEAR_EFFICIENCY = [ 1.000000, 1.000000, 1.000000, 1.000000, 1.000000, 1.000000, 1.000000, 1.000000, 1.000000 ]
GEAR_RATIO = [ 2.900000, 0.000000, 2.970000, 1.780000, 1.30000, 1, 0.800000, 0.670000, 0.000000 ]
OPTIMAL_SHIFT = 500.000000
SHIFT_SPEED = 0.250000
TORQUE_CONVERTER = 0.300000
TORQUE_SPLIT = 0.000000