[pvehicle]
TENSOR_SCALE = [ 1.25, 3.15, 1.000000, 0.000000 ]

[brakes]
BRAKE_LOCK = [ 1.000000, 3.500000 ]
BRAKES = [ 550.000000, 675.000000 ]
EBRAKE = 850.000000

[chassis]
AERO_CG = 49.25
AERO_COEFFICIENT = 0.300000
DIVE_SPEED = 1.000000
DRAG_COEFFICIENT = 0.365
FRONT_WEIGHT_BIAS = 54.25
RENDER_MOTION = 1.000000
RIDE_HEIGHT = [ 8.35, 8.35 ]
ROLL_CENTER = 9.5
ROLL_SPEED = 1.000000
SHOCK_BLOWOUT = 8.000000
SHOCK_DIGRESSION = [ 0.1, 0.1 ]
SHOCK_EXT_STIFFNESS = [ 92.000000, 96.000000 ]
SHOCK_STIFFNESS = [ 69.000000, 72.000000 ]
SHOCK_VALVING = [ 21.000000, 21.000000 ]
SPRING_PROGRESSION = [ 5.000000, 7.000000 ]
SPRING_STIFFNESS = [ 610.000000, 650.000000 ]
SQUAT_SPEED = 1.000000
SWAYBAR_STIFFNESS = [ 126.000000, 120.000000 ]
TRAVEL = [ 8, 8 ]

[engine]
ENGINE_BRAKING = [ 0.750000, 0.820000, 0.900000 ]
FLYWHEEL_MASS = 12.000000
IDLE = 750.000000
MAX_RPM = 6750.000000
RED_LINE = 6250.000000
TORQUE = [ 286.000000, 377.000000, 610.000000, 891.000000, 890.000000, 789.000000, 700.000000, 620.000000, 560.000000 ]

[induction]
HIGH_BOOST = 0.500000
LOW_BOOST = 0.500000
PSI = 9.000000
SPOOL = 0.000000
SPOOL_TIME_DOWN = 0.000000
SPOOL_TIME_UP = 0.000000
VACUUM = 0.000000

[tires]
DYNAMIC_GRIP = [ 1.95, 1.875 ]
GRIP_SCALE = [ 1.06, 1.05 ]
STATIC_GRIP = [ 2.15, 2.05 ]
STEERING = 1.050000
YAW_CONTROL = [ 0.100000, 0.200000, 0.300000, 0.400000 ]
YAW_SPEED = 0.44

[transmission]
CLUTCH_SLIP = 0.700000
DIFFERENTIAL = [ 0.000000, 0.750000, 0.000000 ]
FINAL_GEAR = 3.45
GEAR_EFFICIENCY = [ 1.000000, 1.000000, 1.000000, 1.000000, 1.000000, 1.000000, 1.000000, 1.000000, 1.000000 ]
GEAR_RATIO = [ 2.9, 0.000000, 2.97, 1.780000, 1.3, 1, 0.800000, 0.670000, 0.000000 ]
OPTIMAL_SHIFT = 500.000000
SHIFT_SPEED = 0.250000
TORQUE_CONVERTER = 0.300000
TORQUE_SPLIT = 0.000000