[brakes]
BRAKE_LOCK = [ 1, 3.6 ]
BRAKES = [ 400, 650 ]
EBRAKE = 800

[chassis]
AERO_CG = 48
AERO_COEFFICIENT = 0.240
DRAG_COEFFICIENT = 0.385000
FRONT_WEIGHT_BIAS = 53.849998
RENDER_MOTION = 1
RIDE_HEIGHT = [ 6.5, 6.5 ]
ROLL_CENTER = 9.6
SHOCK_BLOWOUT = 6
SHOCK_DIGRESSION = [ 0.3, 0.3 ]
SHOCK_EXT_STIFFNESS = [ 55, 55 ]
SHOCK_STIFFNESS = [ 50, 50 ]
SHOCK_VALVING = [ 24, 24 ]
SPRING_PROGRESSION = [ 8.8, 9 ]
SPRING_STIFFNESS = [ 550, 660 ]
SWAYBAR_STIFFNESS = [ 330, 340 ]
TRAVEL = [ 6.5, 6.5 ]

[tires]
DYNAMIC_GRIP = [ 1.9, 2 ]
GRIP_SCALE = [ 1, 1 ]
STATIC_GRIP = [ 2.1, 2.175000 ]
STEERING = 1.050
YAW_CONTROL = [ 0.1, 0.450, 0.750, 1 ]
YAW_SPEED = 0.425000

[transmission]
GEAR_RATIO = [ 2.6250, 0, 2.563000, 1.850, 1.423000, 1.1380, 0.9390, 0.810 ]
DIFFERENTIAL = [ 0.8, 0.8, 0.8 ]
GEAR_EFFICIENCY = [ 1, 1, 1, 1, 1, 1, 1, 1, 1 ]
TORQUE_SPLIT = 0.5
CLUTCH_SLIP = 0.8
SHIFT_SPEED = 0.250
FINAL_GEAR = 3.820

[engine]
TORQUE = [ 120, 190, 265, 345, 376, 335, 301, 279, 260 ]
ENGINE_BRAKING = [ 0.7, 0.8, 0.9 ]
FLYWHEEL_MASS = 8
MAX_RPM = 9000
RED_LINE = 8000
IDLE = 800

[pvehicle]
TENSOR_SCALE = [ 1, 2, 1 ]