[brakes]
BRAKE_LOCK = [ 1.000000, 3.000000 ]
BRAKES = [ 380.000000, 500.000000 ]
EBRAKE = 500.000000

[chassis]
AERO_CG = 48.0
AERO_COEFFICIENT = 0.185000
DRAG_COEFFICIENT = 0.30
FRONT_WEIGHT_BIAS = 53.0
RENDER_MOTION = 1.000000
RIDE_HEIGHT = [ 7.500000, 7.500000 ]
ROLL_CENTER = 11.000000
SHOCK_BLOWOUT = 6.000000
SHOCK_DIGRESSION = [ 0.2, 0.2 ]
SHOCK_EXT_STIFFNESS = [ 70.000000, 63.000000 ]
SHOCK_STIFFNESS = [ 52.000000, 47.000000 ]
SHOCK_VALVING = [ 18.000000, 18.000000 ]
SPRING_PROGRESSION = [ 6.100000, 6.500000 ]
SPRING_STIFFNESS = [ 432.000000, 375.000000 ]
SWAYBAR_STIFFNESS = [ 90.000000, 60.000000 ]
TRAVEL = [ 7.500000, 7.500000 ]

[tires]
DYNAMIC_GRIP = [ 1.600000, 1.600000 ]
GRIP_SCALE = [ 1.000000, 1.000000 ]
STATIC_GRIP = [ 1.800000, 1.800000 ]
STEERING = 1.075000
YAW_CONTROL = [ 0.100000, 0.550000, 0.700000, 1.000000 ]
YAW_SPEED = 0.41

[transmission]
GEAR_RATIO = [ 3.24, 0.000000, 3.76, 2.270000, 1.54, 1.187, 1.000000, 0.843 ]
DIFFERENTIAL = [ 0.800000, 0.800000, 0.000000 ]
GEAR_EFFICIENCY = [ 1.000000, 1.000000, 1.000000, 1.000000, 1.000000, 1.000000, 1.000000, 1.000000, 1.000000 ]
TORQUE_CONVERTER = 0.300000
TORQUE_SPLIT = 0.000000
CLUTCH_SLIP = 0.800000
OPTIMAL_SHIFT = 500.000000
SHIFT_SPEED = 0.25
FINAL_GEAR = 4.440000

[engine]
TORQUE = [ 110.000000, 130.000000, 156.000000, 186.000000, 192.000000, 180.000000, 168.000000, 156.000000, 150.000000 ]
ENGINE_BRAKING = [ 0.700000, 0.800000, 0.900000 ]
FLYWHEEL_MASS = 10.000000
MAX_RPM = 9500.000000
RED_LINE = 9000.000000
IDLE = 800.000000

[pvehicle]
TENSOR_SCALE = [ 1.175, 3.0, 1.0 ]