[brakes]
BRAKE_LOCK = [ 1.000000, 3.700000 ]
BRAKES = [ 525.000000, 650.000000 ]
EBRAKE = 700.000000

[chassis]
AERO_CG = 48.500000
AERO_COEFFICIENT = 0.25
DRAG_COEFFICIENT = 0.3
FRONT_WEIGHT_BIAS = 52.5
RENDER_MOTION = 0.500000
RIDE_HEIGHT = [ 7.3500000, 7.3500000 ]
ROLL_CENTER = 10.00000
SHOCK_BLOWOUT = 6.000000
SHOCK_DIGRESSION = [ 0.18, 0.18 ]
SHOCK_EXT_STIFFNESS = [ 76.000000, 69.000000 ]
SHOCK_STIFFNESS = [ 56.000000, 51.000000 ]
SHOCK_VALVING = [ 18.000000, 18.000000 ]
SPRING_PROGRESSION = [ 7.000000, 7.000000 ]
SPRING_STIFFNESS = [ 475.000000, 410.000000 ]
SWAYBAR_STIFFNESS = [ 120.000000, 100.000000 ]
TRAVEL = [ 7.000000, 7.000000 ]

[tires]
DYNAMIC_GRIP = [ 1.800000, 1.800000 ]
GRIP_SCALE = [ 1.02, 1.02 ]
STATIC_GRIP = [ 2.100000, 2.150000 ]
STEERING = 1.050000
YAW_CONTROL = [ 0.100000, 0.400000, 1.000000, 1.200000 ]
YAW_SPEED = 0.42

[transmission]
GEAR_RATIO = [ 3.0, 0.000000, 3.4, 2.270000, 1.64, 1.26, 1.000000, 0.840000 ]
DIFFERENTIAL = [ 0.750000, 0.750000, 0.000000 ]
GEAR_EFFICIENCY = [ 1.000000, 1.000000, 1.000000, 1.000000, 1.000000, 1.000000, 1.000000, 1.000000, 1.000000 ]
TORQUE_CONVERTER = 0.400000
TORQUE_SPLIT = 0.000000
CLUTCH_SLIP = 0.800000
OPTIMAL_SHIFT = 500.000000
SHIFT_SPEED = 0.2
FINAL_GEAR = 3.500000

[engine]
TORQUE = [ 165.000000, 223.000000, 346.000000, 463.000000, 489.000000, 438.000000, 391.000000, 351.000000, 313.000000 ]
ENGINE_BRAKING = [ 0.800000, 0.800000, 0.900000 ]
FLYWHEEL_MASS = 10.000000
MAX_RPM = 9500.000000
RED_LINE = 9000.000000
IDLE = 800.000000

[induction]
LOW_BOOST = 0.200000
SPOOL_TIME_DOWN = 0.250000
VACUUM = -0.080000
SPOOL = 0.200000
SPOOL_TIME_UP = 2.500000
PSI = 15.000000
HIGH_BOOST = 0.200000

[pvehicle]
TENSOR_SCALE = [ 1.175, 3.0, 1.0 ]