[pvehicle]
TENSOR_SCALE = [ 1, 2, 1 ]

[brakes]
BRAKE_LOCK = [ 1, 3.3 ]
BRAKES = [ 475, 575 ]
EBRAKE = 850

[chassis]
AERO_CG = 48.5
AERO_COEFFICIENT = 0.270
DRAG_COEFFICIENT = 0.310
FRONT_WEIGHT_BIAS = 54
RENDER_MOTION = 1
RIDE_HEIGHT = [ 8, 8 ]
ROLL_CENTER = 8.5
SHOCK_BLOWOUT = 6
SHOCK_DIGRESSION = [ 0.4, 0.4 ]
SHOCK_EXT_STIFFNESS = [ 80, 80 ]
SHOCK_STIFFNESS = [ 65, 67 ]
SHOCK_VALVING = [ 19, 19 ]
SPRING_PROGRESSION = [ 7, 6.6 ]
SPRING_STIFFNESS = [ 725, 675 ]
SWAYBAR_STIFFNESS = [ 325, 200 ]
TRAVEL = [ 7, 7 ]

[engine]
ENGINE_BRAKING = [ 0.7, 0.8, 0.9 ]
FLYWHEEL_MASS = 8
IDLE = 800
MAX_RPM = 9000
RED_LINE = 8000
TORQUE = [ 135, 155, 189, 243, 292, 281, 257, 230, 203 ]

[tires]
DYNAMIC_GRIP = [ 2, 2.050 ]
GRIP_SCALE = [ 1.185000, 1.2 ]
STATIC_GRIP = [ 2.250, 2.250 ]
STEERING = 1.220
YAW_CONTROL = [ 0.450, 1, 1.1, 1.350 ]
YAW_SPEED = 0.325000

[transmission]
CLUTCH_SLIP = 0.850
DIFFERENTIAL = [ 0.850, 0.850, 0.850 ]
FINAL_GEAR = 4.2
GEAR_EFFICIENCY = [ 1, 1, 1, 1, 1, 1, 1, 1, 1 ]
GEAR_RATIO = [ 2.6250, 0, 3.750, 2.360, 1.685000, 1.312000, 1.070, 0.850 ]
SHIFT_SPEED = 0.250
TORQUE_SPLIT = 0.5