[pvehicle]
TENSOR_SCALE = [ 1.000000, 2.000000, 1.000000, 0.000000 ]

[brakes]
BRAKE_LOCK = [ 1.000000, 3.000000 ]
BRAKES = [ 450.000000, 500.000000 ]
EBRAKE = 950.000000

[chassis]
AERO_CG = 45.000000
AERO_COEFFICIENT = 0.251
DIVE_SPEED = 1.000000
DRAG_COEFFICIENT = 0.38
FRONT_WEIGHT_BIAS = 48.000000
RENDER_MOTION = 1.000000
RIDE_HEIGHT = [ 7.000000, 7.000000 ]
ROLL_CENTER = 9.500000
ROLL_SPEED = 1.000000
SHOCK_BLOWOUT = 6.000000
SHOCK_DIGRESSION = [ 0.100000, 0.100000 ]
SHOCK_EXT_STIFFNESS = [ 85.000000, 85.000000 ]
SHOCK_STIFFNESS = [ 80.000000, 85.000000 ]
SHOCK_VALVING = [ 17.000000, 17.000000 ]
SPRING_PROGRESSION = [ 8.000000, 8.500000 ]
SPRING_STIFFNESS = [ 800.000000, 820.000000 ]
SQUAT_SPEED = 1.000000
SWAYBAR_STIFFNESS = [ 200.000000, 175.000000 ]
TRAVEL = [ 6.500000, 6.500000 ]

[engine]
ENGINE_BRAKING = [ 0.800000, 0.850000, 0.900000 ]
FLYWHEEL_MASS = 11.000000
IDLE = 800.000000
MAX_RPM = 7500.000000
RED_LINE = 7000.000000
TORQUE = [ 230.000000, 384.000000, 462.000000, 500.000000, 526.000000, 522.000000, 510.000000, 492.000000, 420.000000 ]

[induction]
HIGH_BOOST = 0.150000
LOW_BOOST = 0.150000
PSI = 15.000000
SPOOL = 0.200000
SPOOL_TIME_DOWN = 0.250000
SPOOL_TIME_UP = 1.000000
VACUUM = -0.050000

[tires]
DYNAMIC_GRIP = [ 1.780000, 2.100000 ]
GRIP_SCALE = [ 1.020000, 1.050000 ]
STATIC_GRIP = [ 2.000000, 2.300000 ]
STEERING = 0.900000
YAW_CONTROL = [ 0.300000, 0.500000, 0.850000, 1.050000 ]
YAW_SPEED = 0.300000

[transmission]
CLUTCH_SLIP = 0.800000
DIFFERENTIAL = [ 0.000000, 0.750000, 0.000000 ]
FINAL_GEAR = 3.440000
GEAR_EFFICIENCY = [ 1.000000, 1.000000, 1.000000, 1.000000, 1.000000, 1.000000, 1.000000, 1.000000, 1.000000 ]
GEAR_RATIO = [ 2.190000, 0.000000, 2.750000, 1.773000, 1.267000, 1.000000, 0.833000, 0.710000, 0.000000 ]
OPTIMAL_SHIFT = 500.000000
SHIFT_SPEED = 0.150000
TORQUE_CONVERTER = 0.200000
TORQUE_SPLIT = 0.000000