[pvehicle]
TENSOR_SCALE = [ 1.200000, 3.150000, 1.000000, 0.000000 ]

[brakes]
BRAKE_LOCK = [ 1.000000, 2.400000 ]
BRAKES = [ 575.000000, 650.000000 ]
EBRAKE = 900.000000

[chassis]
AERO_CG = 49.500000
AERO_COEFFICIENT = 0.250000
DIVE_SPEED = 1.000000
DRAG_COEFFICIENT = 0.400000
FRONT_WEIGHT_BIAS = 51.700000
RENDER_MOTION = 0.700000
RIDE_HEIGHT = [ 8.650000, 8.500000 ]
ROLL_CENTER = 10.000000
ROLL_SPEED = 1.000000
SHOCK_BLOWOUT = 7.000000
SHOCK_DIGRESSION = [ 0.100000, 0.100000 ]
SHOCK_EXT_STIFFNESS = [ 85.000000, 85.000000 ]
SHOCK_STIFFNESS = [ 65.000000, 65.000000 ]
SHOCK_VALVING = [ 21.000000, 21.000000 ]
SPRING_PROGRESSION = [ 6.000000, 5.300000 ]
SPRING_STIFFNESS = [ 545.000000, 625.000000 ]
SQUAT_SPEED = 1.000000
SWAYBAR_STIFFNESS = [ 111.000000, 90.000000 ]
TRAVEL = [ 7.500000, 7.500000 ]

[engine]
ENGINE_BRAKING = [ 0.750000, 0.820000, 0.900000 ]
FLYWHEEL_MASS = 11.000000
IDLE = 890.000000
MAX_RPM = 6750.000000
RED_LINE = 6250.000000
TORQUE = [ 255.000000, 440.000000, 545.000000, 630.000000, 685.000000, 730.000000, 710.000000, 641.000000, 575.000000 ]

[induction]
HIGH_BOOST = 0.500000
LOW_BOOST = 0.500000
PSI = 13.000000
SPOOL = 0.000000
SPOOL_TIME_DOWN = 1.500000
SPOOL_TIME_UP = 0.000000
VACUUM = 0.000000

[tires]
DYNAMIC_GRIP = [ 1.900000, 1.900000 ]
GRIP_SCALE = [ 1.030000, 1.030000 ]
STATIC_GRIP = [ 2.100000, 2.100000 ]
STEERING = 0.970000
YAW_CONTROL = [ 0.030000, 0.030000, 0.030000, 0.030000 ]
YAW_SPEED = 0.420000

[transmission]
CLUTCH_SLIP = 0.800000
DIFFERENTIAL = [ 0.000000, 0.650000, 0.000000 ]
FINAL_GEAR = 3.000000
GEAR_EFFICIENCY = [ 1.000000, 1.000000, 1.000000, 1.000000, 1.000000, 1.000000, 1.000000, 1.000000, 1.000000 ]
GEAR_RATIO = [ 2.400000, 0.000000, 2.750000, 1.850000, 1.390000, 1.080000, 0.860000, 0.700000, 0.000000 ]
OPTIMAL_SHIFT = 500.000000
SHIFT_SPEED = 0.190000
TORQUE_CONVERTER = 0.000000
TORQUE_SPLIT = 0.000000