[pvehicle]
TENSOR_SCALE = [ 1.200000, 3.150000, 1.000000, 0.000000 ]

[brakes]
BRAKE_LOCK = [ 1.000000, 3.000000 ]
BRAKES = [ 450.000000, 500.000000 ]
EBRAKE = 675.000000

[chassis]
AERO_CG = 49.800000
AERO_COEFFICIENT = 0.190000
DIVE_SPEED = 1.000000
DRAG_COEFFICIENT = 0.460000
FRONT_WEIGHT_BIAS = 51.7300000
RENDER_MOTION = 1.000000
RIDE_HEIGHT = [ 9.300000, 9.000000 ]
ROLL_CENTER = 11.500000
ROLL_SPEED = 1.000000
SHOCK_BLOWOUT = 7.000000
SHOCK_DIGRESSION = [ 0.100000, 0.400000 ]
SHOCK_EXT_STIFFNESS = [ 52.000000, 52.000000 ]
SHOCK_STIFFNESS = [ 47.000000, 47.000000 ]
SHOCK_VALVING = [ 15.000000, 15.000000 ]
SPRING_PROGRESSION = [ 6.000000, 5.000000 ]
SPRING_STIFFNESS = [ 345.000000, 475.000000 ]
SQUAT_SPEED = 1.000000
SWAYBAR_STIFFNESS = [ 45.000000, 30.000000 ]
TRAVEL = [ 9.000000, 9.000000 ]

[engine]
ENGINE_BRAKING = [ 0.750000, 0.820000, 0.900000 ]
FLYWHEEL_MASS = 14.000000
IDLE = 800.000000
MAX_RPM = 6600.000000
RED_LINE = 6100.000000
TORQUE = [ 210.000000, 350.000000, 410.000000, 450.000000, 475.000000, 490.000000, 470.000000, 425.000000, 380.000000 ]

[induction]
HIGH_BOOST = 0.000000
LOW_BOOST = 0.000000
PSI = 12.000000
SPOOL = 0.000000
SPOOL_TIME_DOWN = 0.000000
SPOOL_TIME_UP = 0.000000
VACUUM = 0.000000

[tires]
DYNAMIC_GRIP = [ 1.600000, 1.600000 ]
GRIP_SCALE = [ 1.000000, 1.000000 ]
STATIC_GRIP = [ 1.800000, 1.800000 ]
STEERING = 0.970000
YAW_CONTROL = [ 0.000000, 0.0000, 0.0000, 0.00000 ]
YAW_SPEED = 0.405000

[transmission]
CLUTCH_SLIP = 0.800000
DIFFERENTIAL = [ 0.000000, 0.500000, 0.000000 ]
FINAL_GEAR = 3.540000
GEAR_EFFICIENCY = [ 1.000000, 1.000000, 1.000000, 1.000000, 1.000000, 1.000000, 1.000000, 1.000000, 1.000000 ]
GEAR_RATIO = [ 2.360000, 0.000000, 2.440000, 1.770000, 1.340000, 1.000000, 0.770000, 0.000000, 0.000000 ]
OPTIMAL_SHIFT = 500.000000
SHIFT_SPEED = 0.250000
TORQUE_CONVERTER = 0.000000
TORQUE_SPLIT = 0.000000